  PID  SIZE   RSS
    1 18940  9300
    2     0     0
    3     0     0
    4     0     0
    6     0     0
    8     0     0
    9     0     0
   10     0     0
   11     0     0
   12     0     0
   13     0     0
   14     0     0
   15     0     0
   16     0     0
   17     0     0
   18     0     0
   20     0     0
   21     0     0
   22     0     0
   23     0     0
   24     0     0
   26     0     0
   27     0     0
   28     0     0
   29     0     0
   30     0     0
   32     0     0
   33     0     0
   34     0     0
   35     0     0
   36     0     0
   37     0     0
   38     0     0
   39     0     0
   40     0     0
   41     0     0
   42     0     0
   43     0     0
   44     0     0
   45     0     0
   46     0     0
   47     0     0
   48     0     0
   49     0     0
   50     0     0
   52     0     0
   53     0     0
   56     0     0
   59     0     0
   60     0     0
   61     0     0
  150     0     0
  151     0     0
  152     0     0
  153     0     0
  164     0     0
  183     0     0
  185     0     0
  236     0     0
  237     0     0
  238     0     0
  239     0     0
  241     0     0
  242     0     0
  243     0     0
  244     0     0
  245     0     0
  246     0     0
  247     0     0
  248     0     0
  249     0     0
  250     0     0
  251     0     0
  252     0     0
  256     0     0
  258     0     0
  292     0     0
  294     0     0
  295     0     0
  297     0     0
  305     0     0
  345 17452 19536
  362  2624  5600
  366     0     0
  369     0     0
  372     0     0
  376     0     0
  386     0     0
  415     0     0
  418     0     0
  437     0     0
  455     0     0
  490  8908  3320
  492   844  6164
  498     0     0
  547     0     0
  566     0     0
  572     0     0
  606     0     0
  607     0     0
  608     0     0
  850   556  4560
  851  9168  9176
  854 18648  4540
  855   788  6172
  857  1224  4972
  858   672  3268
  860  2448  5992
  876   480   336
  877 44680 19144
  883  1136  8048
  884   844  8216
  890   468  3212
  891   312   760
  893 16656 17364
  894 44292 13336
  896  8820  3480
  898 25988  8800
  903 25924  5784
  905 34512  9460
  906 144356 22532
  928 18124 11244
  934 27888 11364
  960 26288  7960
  993 16768 20092
  994 17984  8320
 1019  1244  8148
 1020  2628  2692
 1032 17236  5516
 1034  1016  4696
 1036 43396 15392
 1043 194672 155336
 1050 34396  8628
 1078 52204 47256
 1086 34092  8324
 1091   676  3896
 1093 17476  5744
 1097 19508 11500
 1098 17112  2932
 1112 34640  9540
 1115 25744  7968
 1117 31844 29468
 1120 25744  8104
 1128 25560  5076
 1136 26028  8784
 1140 65988 17696
 1141 49048 30376
 1146 25876  8056
 1147 31844 28796
 1148 65632 31228
 1151 18100 13592
 1153 25588  5644
 1154 48764 29624
 1155 73944 31476
 1160 17240  4536
 1163 49004 30704
 1166 17608  8376
 1167 17240  4552
 1169 25564  4708
 1171 25996 10400
 1174 34288  9808
 1178 26056  9648
 1179 40924 30284
 1193 17420  7748
 1218 29940 15476
 1256 34664  8884
 1260 26520 12800
 1266   516   424
 1269   516   420
 1435   604  3992
 1440  1292  8260
 1441  2628  2696
 1454 25920  7696
 1458 17288  5880
 1460 52436 113960
 1467  1836  5368
 1470 43664 15724
 1567   392   320
 1570 25876  7140
 1575 42864  7776
 1586 34120  8764
 1591   672  4308
 1593 17488  6856
 1609 311180 290380
 1619 19588 12844
 1623     0     0
 1634 35292 10264
 1638 25880  8528
 1640 21000 22456
 1642 25748  8352
 1650 25560  4980
 1657 53088 22220
 1661 36500 26016
 1669 44084 31692
 1683 25932  9724
 1687 26644 10752
 1691 26136  6640
 1695 25696  5968
 1699 34152  7544
 1704 25588  4864
 1708 38848 24668
 1710 26112 10108
 1711 42344  5876
 1712 25564  4776
 1717 43172 11948
 1722 34300  9940
 1726 26056  9800
 1729 38240 23352
 1739 30392 23600
 1743 25880  8296
 1745 63836 25368
 1749 20996 21620
 1752 34232  8880
 1753 26572 15372
 1758 54704 24960
 1759 38012 22880
 1761 25888  8524
 1783 34596 12512
 1810 96480 91108
 1818 26084  6164
 1824 34440  9636
 1829 96708 67364
 1847 17556  8264
 1850 130252 62832
 1857 17368  5116
 1868 52504 24292
 1879 86172 27532
 1896 17332  6124
 1906 61832 40028
 1914  1932  5332
 1930 177468 153668
 2032 50088 23132
 2067 335572 130592
 2069  7920 42568
 2112 67144 76172
 2123 397988 240228
 2172 151792 100824
 2188 203676 110868
 2202 101544 69652
 2277 46584 28428
 2325 44228 32724
 2643 17840  6204
 2662 165444 225484
 2684 42752  9164
 2714 50948  7724
 2788     0     0
 2792 357344 328732
 2845 314556 194332
 2888 84280 138920
 2924 62596 104848
 2973 360452 379428
 3013  1304  6252
 3129   612  5200
 3130   612  5520
 3154 70756 130444
 3219 13408 35236
 3248     0     0
 3336 249672 159244
 3402     0     0
 3408 135904 154628
 3590     0     0
 3634 193276 156332
 3808     0     0
 3812 56716 121800
 3967     0     0
 4053  1684  4744
 4061   956  3784
 4071   352   984
 4092     0     0
 4118  1684  5100
 4148     0     0
 4185  1932  3588
 4186  1412  3432
 4187   308   744
